00,08,09
00,09,10
00,10,07
00,10,08
00,10,10
01,06,09
01,06,10
01,06,11
01,07,07
01,07,08
01,07,09
01,07,10
01,07,11
01,07,12
01,08,08
01,08,09
01,08,10
01,08,11
01,08,12
01,09,07
01,09,08
01,09,09
01,09,10
01,09,11
01,09,12
01,10,06
01,10,07
01,10,08
01,10,09
01,10,10
01,10,11
01,10,12
01,11,06
01,11,08
01,11,09
01,11,13
01,12,09
01,12,10
01,12,12
01,13,07
01,13,10
01,14,09
02,04,12
02,05,08
02,05,09
02,05,10
02,06,06
02,06,08
02,06,09
02,06,10
02,06,11
02,06,12
02,06,13
02,07,05
02,07,06
02,07,07
02,07,08
02,07,09
02,07,10
02,07,11
02,07,13
02,08,05
02,08,06
02,08,07
02,08,08
02,08,09
02,08,10
02,08,11
02,08,12
02,08,13
02,08,14
02,09,06
02,09,07
02,09,08
02,09,09
02,09,10
02,09,11
02,09,12
02,09,13
02,09,14
02,10,04
02,10,05
02,10,06
02,10,07
02,10,08
02,10,10
02,10,11
02,10,12
02,10,13
02,10,14
02,11,05
02,11,06
02,11,07
02,11,08
02,11,09
02,11,10
02,11,11
02,11,12
02,11,13
02,12,04
02,12,05
02,12,06
02,12,07
02,12,08
02,12,09
02,12,10
02,12,11
02,12,12
02,12,13
02,13,06
02,13,07
02,13,08
02,13,09
02,13,10
02,13,12
02,13,13
02,14,07
02,14,09
02,14,10
02,15,09
02,15,11
03,03,07
03,03,08
03,03,09
03,03,12
03,04,08
03,04,09
03,04,10
03,04,11
03,04,12
03,05,05
03,05,06
03,05,07
03,05,08
03,05,09
03,05,10
03,05,11
03,05,12
03,05,13
03,05,14
03,06,05
03,06,06
03,06,07
03,06,08
03,06,09
03,06,10
03,06,11
03,06,12
03,06,13
03,06,14
03,07,03
03,07,04
03,07,05
03,07,06
03,07,07
03,07,08
03,07,09
03,07,10
03,07,11
03,07,12
03,07,13
03,07,14
03,07,15
03,07,16
03,08,03
03,08,04
03,08,05
03,08,06
03,08,07
03,08,08
03,08,09
03,08,10
03,08,12
03,08,13
03,08,14
03,08,15
03,09,03
03,09,04
03,09,05
03,09,06
03,09,07
03,09,08
03,09,09
03,09,10
03,09,11
03,09,12
03,09,13
03,09,14
03,09,15
03,10,03
03,10,04
03,10,05
03,10,06
03,10,07
03,10,08
03,10,11
03,10,12
03,10,14
03,10,15
03,10,16
03,11,04
03,11,05
03,11,06
03,11,07
03,11,08
03,11,10
03,11,11
03,11,12
03,11,13
03,11,14
03,11,15
03,12,04
03,12,05
03,12,06
03,12,07
03,12,08
03,12,09
03,12,10
03,12,11
03,12,12
03,12,13
03,12,14
03,13,04
03,13,05
03,13,06
03,13,07
03,13,08
03,13,09
03,13,10
03,13,11
03,13,12
03,13,13
03,14,05
03,14,07
03,14,08
03,14,09
03,14,10
03,14,11
03,14,12
03,14,15
03,15,05
03,15,07
03,15,08
03,15,09
03,15,10
03,15,11
03,15,13
03,16,08
03,16,09
04,02,06
04,02,07
04,02,09
04,02,10
04,02,11
04,03,08
04,03,09
04,03,10
04,03,11
04,03,12
04,04,05
04,04,06
04,04,07
04,04,08
04,04,09
04,04,10
04,04,11
04,04,12
04,04,13
04,04,14
04,04,15
04,05,04
04,05,05
04,05,06
04,05,07
04,05,08
04,05,09
04,05,10
04,05,11
04,05,12
04,05,13
04,05,14
04,06,03
04,06,04
04,06,05
04,06,06
04,06,07
04,06,08
04,06,09
04,06,11
04,06,12
04,06,13
04,06,14
04,06,15
04,07,04
04,07,05
04,07,06
04,07,07
04,07,08
04,07,09
04,07,11
04,07,12
04,07,14
04,07,15
04,07,16
04,08,03
04,08,04
04,08,07
04,08,10
04,08,11
04,08,12
04,08,13
04,08,14
04,08,15
04,08,16
04,09,03
04,09,04
04,09,05
04,09,07
04,09,12
04,09,13
04,09,14
04,09,15
04,09,16
04,10,02
04,10,03
04,10,04
04,10,05
04,10,08
04,10,10
04,10,13
04,10,14
04,10,15
04,10,16
04,10,17
04,11,03
04,11,04
04,11,05
04,11,09
04,11,12
04,11,13
04,11,14
04,11,15
04,11,16
04,12,03
04,12,04
04,12,05
04,12,06
04,12,07
04,12,08
04,12,09
04,12,13
04,12,14
04,12,15
04,12,16
04,12,17
04,13,03
04,13,04
04,13,05
04,13,06
04,13,07
04,13,09
04,13,10
04,13,11
04,13,13
04,13,14
04,13,15
04,14,04
04,14,05
04,14,06
04,14,07
04,14,08
04,14,09
04,14,10
04,14,11
04,14,12
04,14,13
04,14,14
04,14,15
04,15,05
04,15,06
04,15,07
04,15,08
04,15,09
04,15,10
04,15,11
04,15,13
04,15,15
04,16,06
04,16,08
04,16,11
04,16,12
04,17,09
04,17,11
05,02,08
05,02,09
05,02,11
05,02,12
05,03,05
05,03,06
05,03,07
05,03,08
05,03,09
05,03,10
05,03,11
05,03,13
05,04,05
05,04,06
05,04,07
05,04,08
05,04,09
05,04,11
05,04,12
05,04,13
05,04,14
05,05,03
05,05,04
05,05,05
05,05,06
05,05,07
05,05,08
05,05,11
05,05,13
05,05,14
05,05,15
05,05,16
05,06,03
05,06,04
05,06,05
05,06,08
05,06,10
05,06,13
05,06,14
05,06,15
05,06,16
05,07,02
05,07,03
05,07,04
05,07,05
05,07,06
05,07,12
05,07,13
05,07,14
05,07,16
05,08,03
05,08,04
05,08,05
05,08,06
05,08,13
05,08,15
05,08,16
05,08,17
05,09,02
05,09,03
05,09,04
05,09,05
05,09,14
05,09,15
05,09,16
05,10,02
05,10,03
05,10,04
05,10,13
05,10,14
05,10,15
05,10,16
05,10,17
05,11,03
05,11,04
05,11,05
05,11,06
05,11,13
05,11,14
05,11,15
05,11,17
05,12,03
05,12,04
05,12,05
05,12,14
05,12,15
05,12,16
05,12,17
05,13,02
05,13,03
05,13,04
05,13,05
05,13,06
05,13,07
05,13,12
05,13,13
05,13,14
05,13,15
05,13,16
05,14,05
05,14,06
05,14,07
05,14,08
05,14,09
05,14,10
05,14,11
05,14,12
05,14,13
05,14,14
05,14,15
05,15,05
05,15,06
05,15,07
05,15,09
05,15,10
05,15,12
05,15,13
05,15,14
05,16,06
05,16,07
05,16,08
05,16,09
05,16,10
05,16,11
05,16,12
05,16,13
05,16,14
05,17,07
05,17,08
05,17,09
05,17,10
05,17,11
05,17,12
05,18,09
06,01,09
06,01,10
06,01,11
06,02,07
06,02,08
06,02,09
06,02,10
06,02,12
06,02,13
06,03,05
06,03,06
06,03,07
06,03,08
06,03,09
06,03,10
06,03,11
06,03,12
06,03,13
06,03,15
06,04,03
06,04,04
06,04,05
06,04,06
06,04,07
06,04,08
06,04,11
06,04,12
06,04,13
06,04,14
06,04,15
06,04,16
06,05,03
06,05,04
06,05,05
06,05,06
06,05,07
06,05,12
06,05,13
06,05,14
06,05,15
06,05,16
06,06,02
06,06,03
06,06,04
06,06,05
06,06,06
06,06,13
06,06,14
06,06,15
06,06,16
06,06,17
06,07,02
06,07,03
06,07,04
06,07,05
06,07,06
06,07,15
06,07,16
06,07,17
06,08,02
06,08,03
06,08,04
06,08,14
06,08,16
06,08,17
06,09,01
06,09,02
06,09,03
06,09,04
06,09,05
06,09,06
06,09,16
06,09,17
06,09,18
06,10,02
06,10,03
06,10,04
06,10,15
06,10,16
06,10,17
06,11,01
06,11,02
06,11,03
06,11,04
06,11,05
06,11,15
06,11,16
06,11,17
06,11,18
06,12,02
06,12,03
06,12,04
06,12,05
06,12,15
06,12,16
06,12,17
06,12,18
06,13,02
06,13,03
06,13,04
06,13,15
06,13,16
06,14,03
06,14,04
06,14,05
06,14,06
06,14,07
06,14,11
06,14,12
06,14,13
06,14,14
06,14,15
06,14,16
06,15,04
06,15,05
06,15,06
06,15,07
06,15,10
06,15,11
06,15,13
06,15,14
06,15,15
06,15,16
06,16,05
06,16,06
06,16,07
06,16,08
06,16,09
06,16,10
06,16,11
06,16,12
06,16,13
06,16,14
06,16,15
06,17,07
06,17,08
06,17,09
06,17,10
06,17,11
06,17,12
06,18,07
06,18,09
06,18,11
06,18,12
07,01,08
07,01,10
07,01,11
07,02,06
07,02,07
07,02,08
07,02,09
07,02,10
07,02,11
07,02,12
07,02,13
07,02,14
07,02,15
07,03,04
07,03,05
07,03,06
07,03,07
07,03,08
07,03,09
07,03,10
07,03,11
07,03,12
07,03,13
07,03,14
07,04,04
07,04,05
07,04,06
07,04,07
07,04,11
07,04,12
07,04,13
07,04,14
07,04,15
07,05,02
07,05,03
07,05,04
07,05,05
07,05,07
07,05,13
07,05,15
07,05,17
07,06,03
07,06,05
07,06,15
07,06,17
07,06,18
07,07,01
07,07,02
07,07,03
07,07,04
07,07,05
07,07,15
07,07,16
07,07,17
07,08,02
07,08,03
07,08,16
07,08,17
07,08,18
07,09,01
07,09,02
07,09,03
07,09,04
07,09,05
07,09,16
07,09,17
07,09,18
07,10,02
07,10,04
07,10,16
07,10,17
07,10,18
07,11,01
07,11,02
07,11,03
07,11,16
07,11,17
07,11,18
07,12,02
07,12,03
07,12,05
07,12,14
07,12,16
07,12,17
07,13,02
07,13,03
07,13,04
07,13,15
07,13,16
07,13,17
07,13,18
07,14,03
07,14,04
07,14,05
07,14,14
07,14,15
07,14,16
07,14,17
07,15,03
07,15,04
07,15,05
07,15,07
07,15,08
07,15,11
07,15,12
07,15,13
07,15,14
07,15,15
07,15,16
07,16,04
07,16,05
07,16,06
07,16,07
07,16,08
07,16,09
07,16,10
07,16,11
07,16,12
07,16,13
07,16,14
07,16,15
07,17,05
07,17,06
07,17,07
07,17,08
07,17,09
07,17,10
07,17,11
07,17,12
07,17,13
07,18,06
07,18,07
07,18,08
07,18,09
07,18,10
08,01,07
08,01,08
08,01,10
08,02,06
08,02,07
08,02,08
08,02,09
08,02,10
08,02,11
08,02,12
08,02,13
08,02,14
08,03,04
08,03,05
08,03,06
08,03,07
08,03,08
08,03,10
08,03,11
08,03,12
08,03,13
08,03,14
08,03,15
08,04,02
08,04,03
08,04,04
08,04,05
08,04,06
08,04,11
08,04,13
08,04,14
08,04,15
08,04,16
08,05,02
08,05,03
08,05,04
08,05,05
08,05,08
08,05,13
08,05,14
08,05,15
08,05,16
08,05,17
08,06,01
08,06,02
08,06,03
08,06,04
08,06,05
08,06,15
08,06,16
08,06,17
08,06,18
08,07,01
08,07,02
08,07,03
08,07,16
08,07,17
08,07,18
08,08,01
08,08,02
08,08,03
08,08,16
08,08,17
08,08,18
08,09,01
08,09,02
08,09,03
08,09,16
08,09,17
08,09,18
08,10,01
08,10,02
08,10,03
08,10,16
08,10,17
08,10,18
08,11,01
08,11,02
08,11,03
08,11,04
08,11,16
08,11,17
08,11,18
08,12,02
08,12,03
08,12,04
08,12,16
08,12,17
08,12,18
08,13,01
08,13,02
08,13,03
08,13,04
08,13,16
08,13,17
08,14,03
08,14,04
08,14,05
08,14,06
08,14,07
08,14,15
08,14,16
08,15,04
08,15,05
08,15,06
08,15,07
08,15,13
08,15,15
08,15,16
08,16,04
08,16,05
08,16,06
08,16,10
08,16,11
08,16,12
08,16,13
08,16,14
08,16,15
08,17,04
08,17,05
08,17,06
08,17,07
08,17,08
08,17,09
08,17,10
08,17,11
08,17,12
08,17,13
08,17,14
08,18,07
08,18,08
08,18,09
08,18,10
08,18,11
08,18,12
08,18,13
09,01,08
09,01,09
09,01,10
09,01,11
09,01,12
09,01,14
09,02,05
09,02,06
09,02,07
09,02,09
09,02,10
09,02,11
09,02,12
09,02,14
09,03,04
09,03,05
09,03,07
09,03,08
09,03,09
09,03,10
09,03,11
09,03,12
09,03,13
09,03,14
09,03,15
09,03,16
09,04,02
09,04,03
09,04,04
09,04,05
09,04,07
09,04,09
09,04,11
09,04,12
09,04,14
09,04,15
09,04,16
09,04,17
09,05,01
09,05,03
09,05,04
09,05,05
09,05,06
09,05,13
09,05,15
09,05,16
09,06,01
09,06,02
09,06,03
09,06,16
09,06,17
09,07,01
09,07,02
09,07,16
09,07,17
09,07,18
09,08,01
09,08,02
09,08,03
09,08,04
09,08,16
09,08,17
09,08,18
09,09,01
09,09,02
09,09,15
09,09,16
09,09,17
09,09,18
09,10,01
09,10,02
09,10,04
09,10,17
09,10,18
09,11,01
09,11,02
09,11,03
09,11,15
09,11,16
09,11,17
09,11,18
09,12,01
09,12,02
09,12,03
09,12,16
09,12,17
09,12,18
09,13,02
09,13,03
09,13,06
09,13,15
09,13,16
09,13,17
09,13,18
09,14,02
09,14,03
09,14,04
09,14,14
09,14,16
09,15,03
09,15,04
09,15,05
09,15,09
09,15,12
09,15,14
09,15,15
09,15,16
09,15,17
09,16,04
09,16,05
09,16,06
09,16,07
09,16,08
09,16,09
09,16,10
09,16,11
09,16,12
09,16,13
09,16,14
09,16,15
09,16,16
09,17,06
09,17,07
09,17,08
09,17,09
09,17,10
09,17,11
09,17,12
09,17,13
09,17,14
09,18,08
09,18,09
09,18,10
09,18,11
09,18,13
10,00,09
10,00,12
10,01,07
10,01,08
10,01,09
10,01,10
10,01,11
10,02,04
10,02,05
10,02,06
10,02,07
10,02,08
10,02,09
10,02,10
10,02,11
10,02,12
10,02,13
10,02,14
10,02,15
10,03,03
10,03,04
10,03,05
10,03,06
10,03,07
10,03,09
10,03,10
10,03,11
10,03,12
10,03,13
10,03,14
10,03,15
10,03,16
10,04,03
10,04,04
10,04,05
10,04,06
10,04,12
10,04,13
10,04,14
10,04,15
10,04,16
10,04,17
10,05,02
10,05,03
10,05,04
10,05,06
10,05,14
10,05,15
10,05,16
10,06,01
10,06,02
10,06,03
10,06,04
10,06,05
10,06,13
10,06,15
10,06,16
10,06,17
10,06,18
10,07,01
10,07,02
10,07,03
10,07,16
10,07,17
10,07,18
10,08,01
10,08,02
10,08,03
10,08,04
10,08,16
10,08,17
10,08,19
10,09,00
10,09,01
10,09,02
10,09,03
10,09,16
10,09,17
10,09,18
10,10,01
10,10,02
10,10,03
10,10,16
10,10,17
10,10,18
10,11,01
10,11,02
10,11,03
10,11,04
10,11,16
10,11,18
10,12,01
10,12,02
10,12,03
10,12,16
10,12,17
10,12,18
10,13,02
10,13,03
10,13,04
10,13,16
10,14,02
10,14,03
10,14,04
10,14,07
10,14,13
10,14,16
10,14,17
10,15,02
10,15,03
10,15,04
10,15,05
10,15,07
10,15,14
10,15,15
10,15,16
10,15,17
10,16,04
10,16,05
10,16,06
10,16,07
10,16,08
10,16,10
10,16,12
10,16,13
10,16,14
10,16,15
10,16,16
10,17,05
10,17,07
10,17,08
10,17,09
10,17,10
10,17,11
10,17,12
10,17,13
10,17,14
10,18,06
10,18,08
10,18,09
10,18,10
10,18,11
10,18,12
10,19,09
10,19,11
11,01,07
11,01,08
11,01,09
11,01,11
11,01,12
11,02,05
11,02,06
11,02,07
11,02,08
11,02,09
11,02,10
11,02,11
11,02,12
11,02,13
11,02,14
11,03,04
11,03,05
11,03,06
11,03,07
11,03,08
11,03,09
11,03,11
11,03,12
11,03,13
11,03,14
11,03,15
11,04,03
11,04,04
11,04,05
11,04,07
11,04,09
11,04,10
11,04,12
11,04,13
11,04,14
11,04,15
11,05,02
11,05,03
11,05,04
11,05,05
11,05,13
11,05,15
11,05,16
11,05,17
11,06,02
11,06,03
11,06,04
11,06,06
11,06,15
11,06,17
11,07,01
11,07,02
11,07,03
11,07,15
11,07,16
11,07,17
11,07,18
11,08,01
11,08,02
11,08,17
11,09,02
11,09,03
11,09,04
11,09,14
11,09,15
11,09,16
11,09,17
11,09,18
11,10,01
11,10,02
11,10,03
11,10,16
11,10,17
11,10,18
11,11,01
11,11,02
11,11,03
11,11,15
11,11,16
11,11,17
11,11,18
11,12,02
11,12,03
11,12,04
11,12,16
11,12,17
11,12,18
11,13,02
11,13,03
11,13,04
11,13,14
11,13,15
11,13,16
11,13,17
11,13,18
11,14,02
11,14,03
11,14,04
11,14,05
11,14,11
11,14,12
11,14,15
11,14,16
11,14,17
11,15,03
11,15,04
11,15,05
11,15,06
11,15,07
11,15,08
11,15,14
11,15,15
11,15,16
11,16,04
11,16,05
11,16,06
11,16,07
11,16,08
11,16,09
11,16,10
11,16,11
11,16,12
11,16,13
11,16,14
11,16,15
11,16,16
11,17,05
11,17,06
11,17,07
11,17,08
11,17,09
11,17,11
11,17,12
11,17,13
11,18,07
11,18,08
11,18,09
11,18,11
11,18,12
12,01,06
12,01,09
12,01,11
12,01,12
12,01,13
12,02,05
12,02,06
12,02,07
12,02,08
12,02,10
12,02,11
12,02,12
12,02,13
12,02,15
12,03,05
12,03,06
12,03,07
12,03,08
12,03,09
12,03,10
12,03,11
12,03,12
12,03,13
12,03,14
12,03,15
12,04,02
12,04,03
12,04,04
12,04,05
12,04,06
12,04,07
12,04,11
12,04,12
12,04,13
12,04,14
12,04,15
12,04,16
12,05,03
12,05,04
12,05,05
12,05,06
12,05,13
12,05,14
12,05,15
12,05,16
12,06,02
12,06,03
12,06,04
12,06,06
12,06,15
12,06,16
12,06,17
12,07,01
12,07,02
12,07,03
12,07,04
12,07,15
12,07,16
12,07,17
12,08,01
12,08,02
12,08,03
12,08,05
12,08,16
12,08,17
12,08,18
12,09,01
12,09,02
12,09,03
12,09,16
12,09,17
12,09,18
12,10,01
12,10,02
12,10,03
12,10,15
12,10,16
12,10,17
12,11,01
12,11,02
12,11,03
12,11,04
12,11,16
12,11,17
12,11,18
12,12,02
12,12,03
12,12,15
12,12,16
12,12,17
12,13,02
12,13,03
12,13,04
12,13,05
12,13,14
12,13,15
12,13,16
12,13,17
12,14,03
12,14,04
12,14,05
12,14,14
12,14,15
12,14,16
12,14,17
12,15,04
12,15,07
12,15,12
12,15,13
12,15,14
12,15,15
12,15,16
12,16,04
12,16,05
12,16,06
12,16,07
12,16,08
12,16,09
12,16,10
12,16,11
12,16,12
12,16,13
12,16,14
12,16,15
12,16,16
12,17,06
12,17,07
12,17,09
12,17,10
12,17,12
12,18,06
12,18,08
12,18,10
12,18,11
13,02,06
13,02,07
13,02,08
13,02,09
13,02,10
13,02,11
13,02,12
13,02,13
13,03,05
13,03,06
13,03,07
13,03,08
13,03,09
13,03,10
13,03,11
13,03,12
13,03,13
13,03,14
13,03,15
13,04,03
13,04,04
13,04,05
13,04,06
13,04,07
13,04,08
13,04,09
13,04,10
13,04,13
13,04,14
13,04,15
13,05,03
13,05,04
13,05,05
13,05,06
13,05,09
13,05,10
13,05,13
13,05,14
13,05,15
13,06,01
13,06,02
13,06,03
13,06,04
13,06,13
13,06,14
13,06,15
13,06,16
13,06,17
13,07,02
13,07,03
13,07,04
13,07,15
13,07,16
13,07,17
13,08,02
13,08,03
13,08,04
13,08,05
13,08,15
13,08,16
13,08,17
13,09,01
13,09,02
13,09,03
13,09,04
13,09,15
13,09,17
13,09,18
13,10,02
13,10,03
13,10,04
13,10,14
13,10,15
13,10,16
13,10,17
13,11,01
13,11,02
13,11,03
13,11,04
13,11,14
13,11,15
13,11,16
13,11,17
13,12,02
13,12,03
13,12,04
13,12,05
13,12,15
13,12,16
13,12,17
13,13,02
13,13,03
13,13,04
13,13,05
13,13,14
13,13,15
13,13,16
13,13,17
13,14,03
13,14,04
13,14,05
13,14,06
13,14,07
13,14,11
13,14,12
13,14,13
13,14,14
13,14,15
13,14,16
13,15,04
13,15,05
13,15,06
13,15,07
13,15,08
13,15,11
13,15,12
13,15,13
13,15,14
13,15,15
13,15,16
13,16,05
13,16,06
13,16,07
13,16,08
13,16,09
13,16,10
13,16,11
13,16,12
13,16,13
13,16,14
13,17,05
13,17,07
13,17,08
13,17,09
13,17,10
13,17,11
13,17,12
13,17,13
13,17,14
13,18,07
14,02,07
14,02,09
14,02,10
14,02,11
14,03,04
14,03,06
14,03,07
14,03,08
14,03,09
14,03,10
14,03,11
14,03,12
14,03,13
14,03,14
14,04,04
14,04,05
14,04,06
14,04,07
14,04,08
14,04,09
14,04,10
14,04,11
14,04,12
14,04,13
14,04,14
14,05,04
14,05,05
14,05,06
14,05,07
14,05,08
14,05,09
14,05,11
14,05,12
14,05,13
14,05,14
14,05,15
14,06,02
14,06,03
14,06,04
14,06,05
14,06,06
14,06,07
14,06,10
14,06,13
14,06,14
14,06,15
14,06,16
14,07,03
14,07,04
14,07,05
14,07,06
14,07,13
14,07,14
14,07,15
14,07,16
14,07,17
14,08,02
14,08,03
14,08,04
14,08,05
14,08,06
14,08,12
14,08,14
14,08,15
14,08,16
14,09,02
14,09,03
14,09,04
14,09,07
14,09,14
14,09,15
14,09,16
14,09,17
14,10,02
14,10,03
14,10,04
14,10,16
14,10,17
14,11,02
14,11,03
14,11,04
14,11,05
14,11,06
14,11,14
14,11,15
14,11,16
14,11,17
14,12,03
14,12,04
14,12,05
14,12,13
14,12,14
14,12,15
14,12,16
14,13,03
14,13,04
14,13,05
14,13,06
14,13,08
14,13,12
14,13,14
14,13,15
14,13,16
14,14,03
14,14,04
14,14,05
14,14,06
14,14,07
14,14,08
14,14,10
14,14,11
14,14,12
14,14,13
14,14,14
14,14,15
14,15,05
14,15,06
14,15,07
14,15,08
14,15,09
14,15,10
14,15,11
14,15,12
14,15,13
14,15,14
14,16,06
14,16,07
14,16,08
14,16,09
14,16,10
14,16,11
14,16,12
14,16,13
14,17,07
14,17,08
14,17,09
14,17,11
14,17,12
14,17,13
15,02,09
15,03,06
15,03,08
15,03,10
15,03,11
15,03,12
15,03,13
15,04,06
15,04,07
15,04,08
15,04,09
15,04,10
15,04,11
15,04,12
15,04,13
15,04,14
15,05,04
15,05,05
15,05,06
15,05,07
15,05,08
15,05,09
15,05,10
15,05,11
15,05,12
15,05,13
15,05,15
15,06,04
15,06,05
15,06,06
15,06,07
15,06,09
15,06,11
15,06,12
15,06,13
15,06,14
15,06,15
15,07,03
15,07,06
15,07,07
15,07,08
15,07,09
15,07,10
15,07,12
15,07,13
15,07,14
15,07,15
15,07,16
15,08,03
15,08,04
15,08,05
15,08,13
15,08,14
15,08,15
15,09,02
15,09,03
15,09,04
15,09,05
15,09,06
15,09,07
15,09,13
15,09,14
15,09,15
15,09,16
15,09,17
15,10,02
15,10,03
15,10,04
15,10,05
15,10,13
15,10,14
15,10,15
15,10,16
15,10,17
15,11,03
15,11,04
15,11,07
15,11,12
15,11,13
15,11,15
15,11,16
15,12,03
15,12,04
15,12,05
15,12,06
15,12,07
15,12,08
15,12,11
15,12,12
15,12,13
15,12,14
15,12,15
15,12,16
15,13,04
15,13,05
15,13,06
15,13,07
15,13,10
15,13,11
15,13,12
15,13,13
15,13,14
15,13,15
15,13,16
15,14,05
15,14,06
15,14,07
15,14,08
15,14,09
15,14,10
15,14,11
15,14,12
15,14,13
15,14,14
15,14,15
15,15,05
15,15,06
15,15,07
15,15,08
15,15,09
15,15,11
15,15,12
15,15,13
15,15,14
15,16,08
15,16,09
15,16,10
15,16,11
15,17,11
16,03,07
16,03,09
16,04,07
16,04,09
16,04,10
16,04,11
16,04,12
16,05,05
16,05,06
16,05,07
16,05,08
16,05,09
16,05,10
16,05,11
16,05,12
16,05,13
16,06,04
16,06,05
16,06,06
16,06,07
16,06,08
16,06,09
16,06,10
16,06,11
16,06,13
16,06,14
16,06,15
16,07,04
16,07,05
16,07,06
16,07,07
16,07,09
16,07,10
16,07,11
16,07,12
16,07,13
16,07,14
16,07,15
16,08,04
16,08,05
16,08,06
16,08,07
16,08,08
16,08,10
16,08,11
16,08,12
16,08,13
16,08,14
16,08,15
16,09,03
16,09,04
16,09,05
16,09,06
16,09,07
16,09,10
16,09,13
16,09,14
16,09,15
16,09,16
16,10,04
16,10,05
16,10,06
16,10,07
16,10,09
16,10,10
16,10,11
16,10,12
16,10,13
16,10,14
16,10,15
16,10,16
16,11,04
16,11,05
16,11,06
16,11,07
16,11,08
16,11,09
16,11,10
16,11,11
16,11,12
16,11,13
16,11,14
16,11,15
16,11,16
16,12,05
16,12,06
16,12,07
16,12,08
16,12,09
16,12,10
16,12,12
16,12,13
16,12,14
16,12,15
16,13,04
16,13,05
16,13,06
16,13,07
16,13,08
16,13,09
16,13,10
16,13,11
16,13,12
16,13,13
16,13,14
16,13,15
16,14,05
16,14,06
16,14,08
16,14,09
16,14,10
16,14,11
16,14,12
16,14,14
16,15,06
16,15,07
16,15,08
16,15,09
16,15,10
16,15,11
16,15,12
16,15,13
16,16,12
17,04,09
17,04,10
17,04,11
17,05,08
17,05,09
17,05,11
17,05,12
17,06,04
17,06,05
17,06,06
17,06,07
17,06,08
17,06,09
17,06,10
17,06,11
17,06,12
17,06,13
17,06,14
17,07,05
17,07,06
17,07,07
17,07,08
17,07,09
17,07,10
17,07,11
17,07,12
17,07,13
17,08,04
17,08,05
17,08,06
17,08,07
17,08,08
17,08,09
17,08,10
17,08,11
17,08,12
17,08,13
17,08,15
17,09,06
17,09,07
17,09,08
17,09,09
17,09,10
17,09,11
17,09,12
17,09,13
17,09,14
17,10,06
17,10,07
17,10,08
17,10,09
17,10,10
17,10,11
17,10,12
17,10,13
17,10,14
17,10,15
17,11,05
17,11,06
17,11,07
17,11,08
17,11,09
17,11,10
17,11,11
17,11,12
17,11,13
17,11,15
17,12,07
17,12,08
17,12,09
17,12,10
17,12,11
17,12,12
17,12,13
17,13,07
17,13,08
17,13,09
17,13,10
17,13,11
17,13,12
17,13,13
17,14,07
17,14,08
17,14,09
17,14,10
17,14,11
17,15,09
17,15,11
18,06,07
18,06,09
18,06,11
18,07,08
18,07,09
18,07,11
18,08,08
18,08,09
18,08,10
18,08,12
18,08,13
18,09,07
18,09,08
18,09,09
18,09,10
18,09,11
18,09,12
18,10,08
18,10,10
18,10,11
18,10,12
18,10,13
18,11,06
18,11,07
18,11,09
18,11,10
18,11,11
18,11,12
18,12,06
18,12,09
18,12,10
18,12,11
18,13,08
18,13,10
19,09,11
19,10,12